Freq (hertz)	SPL (dB)	WPhase (deg)
   10.00	   30.44	  -25.12
   10.14	   30.94	  -25.49
   10.29	   31.44	  -25.87
   10.44	   31.94	  -26.26
   10.59	   32.44	  -26.65
   10.74	   32.94	  -27.05
   10.90	   33.44	  -27.45
   11.05	   33.94	  -27.86
   11.21	   34.44	  -28.28
   11.37	   34.94	  -28.70
   11.54	   35.44	  -29.13
   11.70	   35.94	  -29.57
   11.87	   36.44	  -30.01
   12.04	   36.94	  -30.46
   12.22	   37.44	  -30.92
   12.39	   37.95	  -31.39
   12.57	   38.45	  -31.86
   12.75	   38.95	  -32.34
   12.94	   39.45	  -32.83
   13.12	   39.95	  -33.33
   13.31	   40.45	  -33.84
   13.50	   40.95	  -34.35
   13.70	   41.46	  -34.87
   13.89	   41.96	  -35.41
   14.10	   42.46	  -35.95
   14.30	   42.96	  -36.49
   14.50	   43.46	  -37.05
   14.71	   43.97	  -37.62
   14.92	   44.47	  -38.20
   15.14	   44.97	  -38.78
   15.36	   45.47	  -39.38
   15.58	   45.98	  -39.99
   15.80	   46.48	  -40.60
   16.03	   46.98	  -41.23
   16.26	   47.48	  -41.87
   16.50	   47.99	  -42.52
   16.73	   48.49	  -43.18
   16.98	   48.99	  -43.85
   17.22	   49.49	  -44.54
   17.47	   50.00	  -45.23
   17.72	   50.50	  -45.94
   17.97	   51.00	  -46.66
   18.23	   51.50	  -47.39
   18.50	   52.01	  -48.14
   18.76	   52.51	  -48.90
   19.03	   53.01	  -49.67
   19.31	   53.51	  -50.45
   19.59	   54.02	  -51.25
   19.87	   54.52	  -52.07
   20.15	   55.02	  -52.89
   20.44	   55.52	  -53.74
   20.74	   56.02	  -54.59
   21.04	   56.53	  -55.47
   21.34	   57.03	  -56.36
   21.65	   57.53	  -57.26
   21.96	   58.03	  -58.18
   22.28	   58.53	  -59.12
   22.60	   59.03	  -60.07
   22.92	   59.53	  -61.04
   23.25	   60.03	  -62.03
   23.59	   60.53	  -63.04
   23.93	   61.03	  -64.06
   24.27	   61.53	  -65.11
   24.62	   62.02	  -66.17
   24.98	   62.52	  -67.25
   25.34	   63.02	  -68.35
   25.70	   63.52	  -69.47
   26.07	   64.01	  -70.61
   26.45	   64.51	  -71.77
   26.83	   65.00	  -72.95
   27.21	   65.49	  -74.15
   27.61	   65.99	  -75.37
   28.00	   66.48	  -76.62
   28.41	   66.97	  -77.88
   28.82	   67.46	  -79.17
   29.23	   67.95	  -80.48
   29.65	   68.43	  -81.81
   30.08	   68.92	  -83.17
   30.51	   69.40	  -84.55
   30.95	   69.89	  -85.95
   31.40	   70.37	  -87.38
   31.85	   70.85	  -88.83
   32.31	   71.33	  -90.30
   32.77	   71.81	  -91.80
   33.25	   72.28	  -93.32
   33.72	   72.76	  -94.87
   34.21	   73.23	  -96.44
   34.70	   73.70	  -98.03
   35.20	   74.17	  -99.66
   35.71	   74.63	 -101.30
   36.22	   75.10	 -102.97
   36.75	   75.56	 -104.67
   37.28	   76.02	 -106.39
   37.81	   76.48	 -108.14
   38.36	   76.93	 -109.92
   38.91	   77.39	 -111.72
   39.47	   77.84	 -113.55
   40.04	   78.29	 -115.40
   40.62	   78.73	 -117.28
   41.20	   79.18	 -119.19
   41.79	   79.62	 -121.12
   42.40	   80.05	 -123.09
   43.01	   80.49	 -125.08
   43.63	   80.92	 -127.09
   44.26	   81.35	 -129.14
   44.89	   81.77	 -131.22
   45.54	   82.20	 -133.32
   46.20	   82.62	 -135.46
   46.86	   83.03	 -137.62
   47.54	   83.45	 -139.82
   48.22	   83.85	 -142.05
   48.91	   84.26	 -144.31
   49.62	   84.66	 -146.60
   50.33	   85.06	 -148.93
   51.06	   85.45	 -151.29
   51.79	   85.84	 -153.69
   52.54	   86.23	 -156.13
   53.30	   86.61	 -158.60
   54.07	   86.98	 -161.11
   54.84	   87.35	 -163.66
   55.63	   87.72	 -166.25
   56.44	   88.08	 -168.87
   57.25	   88.43	 -171.54
   58.07	   88.77	 -174.25
   58.91	   89.11	 -177.00
   59.76	   89.44	 -179.79
   60.62	   89.77	  177.38
   61.49	   90.08	  174.52
   62.38	   90.38	  171.61
   63.28	   90.68	  168.67
   64.19	   90.96	  165.70
   65.11	   91.23	  162.69
   66.05	   91.49	  159.66
   67.00	   91.74	  156.60
   67.97	   91.98	  153.53
   68.95	   92.21	  150.43
   69.94	   92.42	  147.32
   70.95	   92.62	  144.21
   71.97	   92.80	  141.10
   73.01	   92.97	  137.99
   74.06	   93.13	  134.89
   75.12	   93.27	  131.80
   76.21	   93.40	  128.74
   77.30	   93.52	  125.70
   78.42	   93.62	  122.70
   79.55	   93.71	  119.73
   80.69	   93.79	  116.80
   81.85	   93.86	  113.92
   83.03	   93.92	  111.08
   84.23	   93.97	  108.30
   85.44	   94.01	  105.57
   86.67	   94.04	  102.90
   87.92	   94.06	  100.28
   89.19	   94.08	   97.73
   90.47	   94.08	   95.23
   91.78	   94.09	   92.80
   93.10	   94.08	   90.42
   94.44	   94.08	   88.10
   95.80	   94.06	   85.84
   97.18	   94.05	   83.64
   98.58	   94.03	   81.50
  100.00	   94.01	   79.41
  101.44	   93.98	   77.38
  102.90	   93.96	   75.40
  104.38	   93.93	   73.47
  105.89	   93.90	   71.59
  107.41	   93.88	   69.76
  108.96	   93.85	   67.98
  110.53	   93.82	   66.24
  112.12	   93.79	   64.54
  113.74	   93.76	   62.88
  115.38	   93.73	   61.27
  117.04	   93.70	   59.69
  118.72	   93.67	   58.15
  120.43	   93.64	   56.65
  122.17	   93.62	   55.18
  123.93	   93.59	   53.74
  125.71	   93.57	   52.33
  127.52	   93.55	   50.95
  129.36	   93.52	   49.60
  131.22	   93.50	   48.27
  133.11	   93.48	   46.98
  135.03	   93.47	   45.70
  136.98	   93.45	   44.45
  138.95	   93.44	   43.22
  140.95	   93.43	   42.02
  142.98	   93.41	   40.83
  145.04	   93.41	   39.66
  147.13	   93.40	   38.51
  149.25	   93.39	   37.38
  151.40	   93.39	   36.26
  153.58	   93.39	   35.16
  155.79	   93.39	   34.07
  158.04	   93.39	   33.00
  160.31	   93.40	   31.94
  162.62	   93.40	   30.89
  164.96	   93.41	   29.85
  167.34	   93.42	   28.82
  169.75	   93.44	   27.81
  172.20	   93.45	   26.80
  174.68	   93.47	   25.79
  177.19	   93.49	   24.80
  179.75	   93.51	   23.81
  182.33	   93.53	   22.83
  184.96	   93.56	   21.85
  187.63	   93.59	   20.87
  190.33	   93.62	   19.90
  193.07	   93.66	   18.93
  195.85	   93.69	   17.97
  198.67	   93.73	   17.00
  201.53	   93.77	   16.03
  204.44	   93.82	   15.06
  207.38	   93.87	   14.09
  210.37	   93.92	   13.12
  213.40	   93.97	   12.14
  216.47	   94.02	   11.16
  219.59	   94.08	   10.17
  222.75	   94.15	    9.18
  225.96	   94.21	    8.18
  229.22	   94.28	    7.16
  232.52	   94.35	    6.14
  235.87	   94.43	    5.11
  239.27	   94.51	    4.06
  242.71	   94.59	    2.99
  246.21	   94.67	    1.91
  249.76	   94.76	    0.81
  253.35	   94.86	   -0.31
  257.00	   94.95	   -1.45
  260.70	   95.05	   -2.61
  264.46	   95.16	   -3.80
  268.27	   95.27	   -5.02
  272.13	   95.38	   -6.28
  276.05	   95.50	   -7.56
  280.03	   95.62	   -8.88
  284.06	   95.75	  -10.25
  288.16	   95.87	  -11.65
  292.31	   96.01	  -13.11
  296.52	   96.15	  -14.61
  300.79	   96.29	  -16.17
  305.12	   96.43	  -17.79
  309.52	   96.58	  -19.47
  313.97	   96.73	  -21.22
  318.50	   96.89	  -23.05
  323.08	   97.05	  -24.96
  327.74	   97.20	  -26.95
  332.46	   97.36	  -29.03
  337.25	   97.52	  -31.22
  342.11	   97.68	  -33.50
  347.03	   97.84	  -35.90
  352.03	   98.00	  -38.41
  357.10	   98.15	  -41.04
  362.25	   98.29	  -43.79
  367.47	   98.42	  -46.66
  372.76	   98.55	  -49.67
  378.13	   98.66	  -52.79
  383.58	   98.76	  -56.04
  389.10	   98.83	  -59.40
  394.71	   98.89	  -62.87
  400.39	   98.92	  -66.43
  406.16	   98.93	  -70.06
  412.01	   98.92	  -73.76
  417.94	   98.87	  -77.49
  423.96	   98.80	  -81.24
  430.07	   98.70	  -84.98
  436.27	   98.57	  -88.69
  442.55	   98.42	  -92.36
  448.93	   98.24	  -95.95
  455.39	   98.04	  -99.46
  461.95	   97.82	 -102.87
  468.61	   97.58	 -106.17
  475.36	   97.32	 -109.36
  482.20	   97.06	 -112.43
  489.15	   96.78	 -115.38
  496.19	   96.49	 -118.21
  503.34	   96.20	 -120.92
  510.59	   95.91	 -123.51
  517.95	   95.62	 -126.00
  525.41	   95.32	 -128.38
  532.98	   95.03	 -130.67
  540.65	   94.74	 -132.87
  548.44	   94.45	 -134.99
  556.34	   94.17	 -137.03
  564.36	   93.89	 -139.00
  572.48	   93.62	 -140.92
  580.73	   93.35	 -142.77
  589.10	   93.10	 -144.59
  597.58	   92.85	 -146.36
  606.19	   92.61	 -148.09
  614.92	   92.37	 -149.80
  623.78	   92.15	 -151.49
  632.76	   91.93	 -153.17
  641.88	   91.72	 -154.84
  651.13	   91.52	 -156.50
  660.50	   91.33	 -158.17
  670.02	   91.15	 -159.85
  679.67	   90.98	 -161.56
  689.46	   90.82	 -163.28
  699.39	   90.67	 -165.04
  709.47	   90.52	 -166.84
  719.69	   90.39	 -168.69
  730.05	   90.26	 -170.60
  740.57	   90.14	 -172.56
  751.24	   90.03	 -174.61
  762.06	   89.92	 -176.73
  773.03	   89.82	 -178.94
  784.17	   89.73	  178.75
  795.47	   89.64	  176.33
  806.92	   89.55	  173.80
  818.55	   89.46	  171.14
  830.34	   89.37	  168.36
  842.30	   89.28	  165.44
  854.43	   89.18	  162.39
  866.74	   89.07	  159.20
  879.22	   88.96	  155.88
  891.89	   88.83	  152.44
  904.74	   88.68	  148.87
  917.77	   88.51	  145.20
  930.99	   88.33	  141.44
  944.40	   88.12	  137.61
  958.00	   87.89	  133.74
  971.80	   87.64	  129.84
  985.80	   87.36	  125.94
 1000.00	   87.06	  122.06
 1014.40	   86.75	  118.22
 1029.02	   86.42	  114.43
 1043.84	   86.08	  110.70
 1058.88	   85.73	  107.03
 1074.13	   85.37	  103.44
 1089.60	   85.01	   99.92
 1105.30	   84.65	   96.45
 1121.22	   84.29	   93.04
 1137.37	   83.94	   89.66
 1153.75	   83.60	   86.31
 1170.37	   83.26	   82.96
 1187.23	   82.94	   79.60
 1204.33	   82.63	   76.20
 1221.68	   82.33	   72.75
 1239.28	   82.04	   69.22
 1257.13	   81.76	   65.59
 1275.23	   81.49	   61.85
 1293.60	   81.23	   57.97
 1312.24	   80.96	   53.95
 1331.14	   80.69	   49.78
 1350.31	   80.42	   45.46
 1369.76	   80.13	   41.01
 1389.50	   79.83	   36.43
 1409.51	   79.51	   31.76
 1429.81	   79.18	   27.03
 1450.41	   78.84	   22.26
 1471.30	   78.49	   17.48
 1492.50	   78.13	   12.72
 1513.99	   77.76	    8.00
 1535.80	   77.38	    3.35
 1557.93	   77.00	   -1.21
 1580.37	   76.62	   -5.68
 1603.13	   76.24	  -10.06
 1626.22	   75.87	  -14.35
 1649.65	   75.52	  -18.57
 1673.41	   75.17	  -22.75
 1697.52	   74.85	  -26.92
 1721.97	   74.54	  -31.11
 1746.77	   74.26	  -35.35
 1771.93	   73.98	  -39.68
 1797.46	   73.73	  -44.12
 1823.35	   73.48	  -48.71
 1849.61	   73.23	  -53.47
 1876.26	   72.98	  -58.40
 1903.28	   72.73	  -63.49
 1930.70	   72.46	  -68.74
 1958.51	   72.17	  -74.13
 1986.72	   71.86	  -79.60
 2015.34	   71.52	  -85.13
 2044.37	   71.16	  -90.66
 2073.82	   70.78	  -96.17
 2103.69	   70.40	 -101.62
 2133.99	   70.00	 -107.02
 2164.73	   69.60	 -112.37
 2195.91	   69.22	 -117.68
 2227.54	   68.84	 -122.99
 2259.63	   68.48	 -128.34
 2292.18	   68.13	 -133.78
 2325.20	   67.81	 -139.36
 2358.69	   67.49	 -145.12
 2392.67	   67.18	 -151.08
 2427.13	   66.87	 -157.26
 2462.09	   66.55	 -163.64
 2497.56	   66.21	 -170.18
 2533.53	   65.86	 -176.83
 2570.03	   65.49	  176.47
 2607.05	   65.10	  169.78
 2644.60	   64.70	  163.16
 2682.70	   64.30	  156.62
 2721.34	   63.91	  150.15
 2760.54	   63.54	  143.73
 2800.30	   63.20	  137.30
 2840.64	   62.87	  130.79
 2881.56	   62.57	  124.14
 2923.07	   62.28	  117.30
 2965.17	   61.99	  110.23
 3007.88	   61.69	  102.93
 3051.21	   61.37	   95.43
 3095.16	   61.03	   87.80
 3139.75	   60.65	   80.11
 3184.97	   60.26	   72.42
 3230.85	   59.85	   64.76
 3277.39	   59.45	   57.15
 3324.60	   59.05	   49.53
 3372.49	   58.67	   41.85
 3421.07	   58.31	   34.01
 3470.35	   57.97	   25.94
 3520.33	   57.63	   17.61
 3571.04	   57.28	    9.02
 3622.48	   56.92	    0.22
 3674.66	   56.53	   -8.68
 3727.59	   56.13	  -17.60
 3781.29	   55.71	  -26.46
 3835.76	   55.31	  -35.25
 3891.01	   54.93	  -44.02
 3947.06	   54.58	  -52.87
 4003.91	   54.26	  -61.91
 4061.59	   53.95	  -71.21
 4120.09	   53.63	  -80.80
 4179.44	   53.29	  -90.64
 4239.64	   52.93	 -100.64
 4300.71	   52.53	 -110.69
 4362.66	   52.13	 -120.73
 4425.50	   51.72	 -130.78
 4489.25	   51.34	 -140.91
 4553.92	   50.97	 -151.25
 4619.51	   50.62	 -161.89
 4686.06	   50.26	 -172.85
 4753.56	   49.87	  175.95
 4822.03	   49.46	  164.65
 4891.49	   49.05	  153.37
 4961.95	   48.64	  142.15
 5033.42	   48.26	  130.91
 5105.93	   47.91	  119.50
 5179.47	   47.58	  107.79
 5254.08	   47.25	   95.73
 5329.77	   46.89	   83.38
 5406.54	   46.50	   70.90
 5484.42	   46.09	   58.39
 5563.42	   45.68	   45.84
 5643.56	   45.30	   33.12
 5724.85	   44.94	   20.08
 5807.31	   44.57	    6.68
 5890.96	   44.18	   -7.00
 5975.82	   43.76	  -20.75
 6061.90	   43.35	  -34.46
 6149.22	   42.97	  -48.17
 6237.79	   42.62	  -62.07
 6327.65	   42.29	  -76.35
 6418.79	   41.95	  -91.02
 6511.25	   41.58	 -105.93
 6605.04	   41.18	 -120.93
 6700.19	   40.79	 -136.00
 6796.70	   40.42	 -151.32
 6894.60	   40.07	 -167.03
 6993.92	   39.70	  176.90
 7094.66	   39.30	  160.68
 7196.86	   38.91	  144.51
 7300.52	   38.56	  128.29
 7405.68	   38.24	  111.77
 7512.36	   37.92	   94.79
 7620.57	   37.58	   77.46
 7730.34	   37.21	   59.98
 7841.69	   36.84	   42.37
 7954.65	   36.50	   24.44
 8069.23	   36.15	    6.06
 8185.47	   35.77	  -12.60
 8303.38	   35.38	  -31.26
 8422.98	   35.02	  -49.94
 8544.31	   34.70	  -68.96
 8667.39	   34.37	  -88.47
 8792.24	   34.01	 -108.33
 8918.88	   33.64	 -128.33
 9047.36	   33.28	 -148.61
 9177.68	   32.93	 -169.38
 9309.88	   32.55	  169.51
 9443.98	   32.15	  148.40
 9580.02	   31.79	  127.19
 9718.02	   31.46	  105.53
 9858.00	   31.10	   83.36
10000.00	   30.72	   60.92
10144.05	   30.34	   38.21
10290.17	   29.97	   14.99
10438.39	   29.56	   -8.61
10588.75	   29.14	  -32.24
10741.28	   28.76	  -56.03
10896.00	   28.41	  -80.39
11052.95	   28.01	 -105.23
11212.16	   27.61	 -130.34
11373.67	   27.22	 -155.93
11537.50	   26.81	  177.98
11703.69	   26.38	  151.82
11872.28	   26.00	  125.48
12043.30	   25.63	   98.54
12216.77	   25.25	   71.11
12392.75	   24.87	   43.33
12571.26	   24.49	   14.95
12752.35	   24.09	  -13.77
12936.04	   23.70	  -42.53
13122.37	   23.36	  -71.80
13311.40	   23.01	 -101.67
13503.14	   22.65	 -131.93
13697.65	   22.30	 -162.80
13894.95	   21.92	  165.99
14095.11	   21.57	  134.70
14298.14	   21.25	  102.80
14504.10	   20.91	   70.34
14713.02	   20.58	   37.38
14924.96	   20.23	    3.80
15139.94	   19.86	  -29.90
15358.03	   19.53	  -64.01
15579.25	   19.18	  -98.82
15803.66	   18.82	 -134.13
16031.31	   18.45	 -170.15
16262.23	   18.04	  153.66
16496.48	   17.67	  117.02
16734.10	   17.29	   79.67
16975.15	   16.90	   41.70
17219.67	   16.48	    3.06
17467.71	   16.06	  -35.75
17719.33	   15.68	  -75.26
17974.56	   15.27	 -115.43
18233.48	   14.87	 -156.39
18496.12	   14.44	  162.28
18762.55	   14.05	  120.50
19032.82	   13.67	   77.95
19306.98	   13.32	   34.63
19585.09	   12.93	   -9.22
19867.20	   12.58	  -53.45
20000.00	   12.43	  -74.35
